cam0:
  cam_overlaps: [1]
  camera_model: pinhole
  distortion_coeffs: [-0.3099085757264198, 0.09627097678350928, 6.408116008803006e-05,
    0.00018414046557356292]
  distortion_model: radtan
  intrinsics: [441.2177612178289, 441.58599577453344, 397.57940980712516, 227.5377628717045]
  resolution: [752, 480]
  rostopic: /cam0/image_raw
cam1:
  T_cn_cnm1:
  - [0.9999521193026146, 0.002499022078088174, 0.009461183375680558, -0.1200183155393485]
  - [-0.0024508098502932143, 0.9999839714240656, -0.0051039617981335685, 0.00027046687152571967]
  - [-0.009473786639603618, 0.005080529855470684, 0.9999422161220619, 0.0005524919885800837]
  - [0.0, 0.0, 0.0, 1.0]
  cam_overlaps: [0]
  camera_model: pinhole
  distortion_coeffs: [-0.32076956355990927, 0.11503872670957187, 9.899602553190474e-05,
    0.0001415576947156244]
  distortion_model: radtan
  intrinsics: [443.4324360688929, 443.6457552510486, 384.43217376095436, 237.71658311005942]
  resolution: [752, 480]
  rostopic: /cam1/image_raw
